structure(c(82.091, 27.184, 71.727, 91.463, 102.762, 78.919, 
82.94, 36.132, 42.475, 66.29, 41.796, 14.951, 22.314, 13.196, 
22.88, 79.117, 96.844, 274.022, 99.562, 71.443, 33.952, 19.68, 
15.291, 12.714, 12.771, 16.197, 13.394, 23.305, 187.741, 183.635, 
182.672, 71.245, 79.91, 40.975, 23.588, 38.539, 55.133, 59.862, 
162.765, 174.602, 58.588, 119.695, 92.879, 128.105, 105.084, 
111.767, 32.564, 19.624, 19.765, 21.662, 80.59, 85.319, 105.877, 
156.252, 109.303, 48.903, 47.771, 32.706, 62.863, 17.415, 15.291, 
40.437, 97.806, 124.339, 102.875, 73.794, 33.216, 43.212, 23.73, 
19.878, 14.527, 13.422, 11.355, 85.517, 109.813, 74.275, 184.371, 
184.088, 70.622, 121.479, 73.227, 73.426, 17.075, 16.82, 15.433, 
11.497, 41.513, 76.909, 78.126, 141.244, 86.706, 47.119, 43.948, 
14.781, 64.647, 21.889, 12.29, 12.063, 38.03, 104.008, 52.131, 
107.179, 106.132, 183.04, 81.439, 69.121, 50.234, 58.984, 66.346, 
33.556, 66.177, 114.513, 74.785, 51.169, 32.14, 50.206, 19.822, 
14.866, 11.836, 9.005, 12.233, 41.711, 18.434, 105.141, 134.477, 
90.642, 86.791, 36.217, 21.039, 18.293, 23.673, 13.677, 30.922, 
110.861, 178.821, 64.393, 239.532, 61.476, 220.05, 67.592, 29.846, 
26.816, 58.474, 21.096, 51.622, 60.457, 106.556, 83.11, 75.21, 
70.282, 104.489, 94.097, 44.599, 42.334, 114.372, 108.312, 28.09, 
22.852, 44.174, 67.083, 99.251, 210.224, 127.171, 133.486, 74.785, 
32.451, 17.047, 14.215, 95.938, 129.182, 68.442, 49.526, 84.073, 
73.652, 49.441, 19.397, 15.348, 8.976, 8.58, 8.184, 8.325, 9.769, 
12.997, 27.014, 28.458, 60.23, 123.178, 81.638, 38.313, 20.558, 
42.532, 15.404, 9.854, 9.316, 17.981, 72.718, 116.496, 146.37, 
97.014, 112.503, 24.098, 30.299, 10.392, 8.354, 73.001, 108.708, 
91.52, 107.972, 142.745, 144.076, 187.712, 92.03, 39.36, 27.864, 
24.636, 13.847, 10.109, 10.562, 15.857, 20.813, 11.667, 211.017, 
95.626, 27.411, 18.746, 17.953, 20.162, 29.818, 44.118, 79.316, 
136.601, 219.626, 110.096, 198.36, 238.4, 58.05, 30.526, 24.041, 
28.487, 80.618, 13.309, 50.744, 78.381, 234.86, 195.16, 286, 
154.27, 39.729, 21.294, 15.574, 13.564, 11.468, 47.148, 16.254, 
92.115, 287.133, 145.804, 62.75, 100.015, 63.515, 24.806, 18.378, 
69.773, 60.003, 180.831, 62.977, 54.482, 84.752, 53.66, 73.709, 
53.972, 62.184, 79.514, 83.223, 112.446, 17.387, 13.479, 17.217, 
29.365, 85.574, 225.289, 130.512, 56.209, 41.144, 20.615, 37.265, 
50.772, 14.527, 13.252, 13.62, 14.243, 20.983, 82.657, 50.376, 
147.899, 125.359, 154.497, 42.928, 175.196, 50.942, 16.367, 24.522, 
44.146, 57.851, 34.547, 58.304, 76.824, 22.455, 24.692, 86.621, 
12.403, 11.44, 8.58, 11.015, 30.979, 30.752, 52.584, 73.539, 
33.839, 203.485, 111.03, 25.004, 103.555, 37.435, 70.198, 54.68, 
124.169, 98.628, 137.478, 171.204, 127.398, 115.221, 60.881, 
64.732, 20.416, 11.667, 11.044, 14.583, 14.612, 36.642, 84.951, 
178.226, 76.314, 91.124, 22.71, 11.695, 9.599, 23.107, 31.234, 
16.962, 49.838, 89.623, 98.061, 123.943, 55.473, 49.13, 25.202, 
22.059, 17.698, 60.598, 14.555, 34.547, 62.382, 156.592, 117.826, 
108.199, 62.24, 112.871, 30.526, 22.314, 11.497, 9.345, 13.054, 
13.139, 17.245, 137.025, 35.821, 116.694, 73.142, 43.013, 30.667, 
26.901, 21.294, 18.208, 41.598, 113.154, 38.001, 31.262, 175.395, 
176.386, 174.998, 112.475, 50.262, 28.374, 52.046, 20.218, 48.365, 
129.663, 237.21, 185.475, 131.504, 98.344, 178.396, 123.065, 
67.819, 111.512, 56.747, 36.67, 28.062, 90.359, 92.596, 68.47, 
180.124, 87.867, 45.958, 128.7, 54.906, 26.476, 20.416, 117.685, 
22.059, 28.6, 166.446, 49.611, 172.591, 168.344, 228.432, 62.948, 
134.902, 32.876, 18.293, 14.045, 12.006, 18.208, 69.688, 174.63, 
123.801, 192.102, 117.317, 99.647, 26.476, 15.574, 32.734, 27.581, 
14.498, 31.064, 61.108, 105.679, 159.934, 197.255, 78.438, 64.846, 
28.232, 19.369, 12.601, 11.497, 10.053, 11.185, 24.211, 54.935, 
48.507, 157.244, 78.268, 59.89, 29.619, 36.076, 15.461, 10.449, 
68.98, 58.135, 115.703, 62.269, 148.125, 324.511, 80.675, 33.98, 
24.041, 14.895, 28.77, 12.714, 10.477, 12.148, 11.752, 10.506, 
103.526, 99.959, 102.224, 30.837, 27.128, 16.849, 12.601, 14.357, 
31.064, 35.424, 44.174, 91.152, 201.078, 105.792, 172.195, 52.669, 
48.478, 17.585, 10.222, 56.549, 35.226, 60.23, 103.951, 100.582, 
111.54, 155.771, 212.32, 151.354, 29.336, 31.602, 45.76, 15.15, 
11.44, 11.893, 21.464, 41.796, 36.274, 78.409, 151.042, 56.832, 
62.948, 15.008, 14.612, 14.045, 71.472, 61.079, 92.341, 71.755, 
147.446, 167.579, 180.095, 126.831, 49.13, 16.141, 14.81, 20.388, 
64.789, 40.04, 132.948, 128.842, 128.927, 91.548, 49.328, 43.58, 
53.83, 223.477, 57.427, 26.646, 26.618, 30.073, 63.005, 143.736, 
184.145, 370.101, 129.012, 58.814, 62.071, 55.982, 53.038, 39.219, 
27.467, 18.916, 17.698, 126.237, 142.122, 35.906, 100.978, 62.92, 
41.994, 31.573, 27.92, 22.823, 42.787, 67.677, 162.935, 164.493, 
168.712, 189.383, 96.164, 80.08, 55.982, 69.065, 50.121, 29.591, 
41.739, 33.442, 112.984, 128.332, 184.456, 178.566, 280.167, 
115.703, 58.956, 102.932, 195.103, 89.17, 39.162, 48.507, 197.708, 
130.088, 287.982, 82.43, 116.212, 62.807, 40.21, 51.707, 52.131, 
27.949, 29.761, 82.062, 81.213, 220.05, 159.594, 257.938, 142.094, 
118.761, 81.043, 43.806, 28.543, 21.691, 20.813, 17.075, 89.198, 
90.331, 138.724, 129.295, 130.541, 187.146, 102.79, 90.274, 61.816, 
31.262, 19.765, 24.636, 81.581, 152.854, 106.924, 141.329, 173.243, 
107.491, 72.548, 85.998, 29.053, 23.248, 17.188, 15.631, 58.814, 
178.085, 70.226, 78.523, 58.729, 35.566, 17.953, 15.914, 8.269, 
7.277, 35.736, 56.86, 69.348, 122.244, 87.386, 100.412, 86.791, 
39.191, 34.717, 39.445, 75.068, 24.183, 20.53, 49.555, 164.351, 
68.3, 122.697, 141.981, 161.548, 57.766, 63.09, 73.171, 42.73, 
22.71, 20.162, 36.047, 122.697, 83.308, 75.493, 117.968, 170.128, 
99.081, 112.588, 111.512, 63.911, 113.919, 40.946, 41.173, 35.538, 
95.909, 116.835, 278.638, 125.529, 238.456, 84.809, 51.31, 55.529, 
57.71, 35.311, 260.713, 95.768, 89.566, 103.073, 140.253, 84.384, 
62.184, 33.754, 23.843, 17.16, 23.645, 20.048, 56.096, 47.233, 
66.205, 65.554, 71.132, 147.899, 64.789, 25.4, 26.901, 26.108, 
17.528, 11.214, 13.196, 159.452, 152.26, 230.414, 97.155, 109.02, 
111.682, 60.23, 89.34, 38.454, 29.931, 63.118, 128.587, 369.818, 
173.837, 179.019, 115.844, 100.015, 103.357, 38.568, 36.614, 
34.15, 31.347, 15.574, 17.132, 20.133, 63.685, 58.474, 203.91, 
53.859, 38.058, 48.082, 39.814, 52.868, 20.416, 68.074, 27.807, 
35.821, 103.98, 90.189, 150.023, 160.981, 78.296, 33.017, 25.627, 
24.692, 11.072, 10.534, 51.508, 34.009, 279.063, 225.912, 139.149, 
291.947, 52.641, 28.005, 29.704, 32.31, 20.7, 22.455, 18.576, 
78.862, 297.327, 142.575, 81.043, 134.42, 128.757, 46.893, 31.12, 
44.826, 23.418, 28.628, 20.671, 32.508, 55.954, 46.978, 130.881, 
260.713, 56.492, 90.387, 133.882, 58.503, 27.382, 16.764, 36.416, 
28.657, 77.843, 245.026, 187.344, 95.201, 68.385, 48.62, 35.538, 
38.568, 19.454, 14.074, 12.743, 18.633, 30.894, 92.058, 103.526, 
70.877, 36.246, 36.585, 47.686, 32.338, 16.509, 11.978, 17.84, 
40.606, 49.894, 29.081, 57.37, 42.107, 20.02, 21.747, 89.736, 
28.034, 12.997, 13.762, 21.096, 44.854, 54.538, 143.708, 161.661, 
53.689, 44.967, 44.486, 40.068, 85.092, 35.849, 28.034, 25.23, 
162.595, 176.329, 129.861, 196.179, 101.997, 54.453, 34.405, 
57.427, 36.472, 29.818, 18.463, 21.776, 35.198, 70.934, 237.154, 
278.468, 171.374, 79.174, 36.897, 26.986, 24.013, 15.206, 17.217, 
16.594, 34.32, 71.415, 193.517, 106.075, 94.72, 90.529, 36.5, 
32.564, 38.313, 24.721, 23.022, 37.973, 104.008, 267.283, 304.123, 
162.964, 128.077, 173.384, 83.846, 58.814, 26.646, 23.673, 23.73, 
50.517, 51.084, 350.846, 86.536, 108.284, 104.291, 55.898, 41.371, 
26.929, 19.51, 15.036, 16.424, 31.743, 39.389, 45.817, 251.284, 
135.326, 109.36, 39.332, 25.712, 31.29, 41.739, 18.293, 14.696, 
159.905, 183.38, 215.236, 202.805, 93.814, 119.752, 84.781, 48.054, 
71.359, 42.957, 46.213, 54.51, 85.007, 75.804, 145.605, 150.193, 
207.563, 76.54, 52.754, 82.657, 87.669, 43.353, 102.62, 33.074, 
29.336, 54.708, 62.892, 106.585, 200.625, 230.301, 52.471, 44.146, 
46.666, 26.703, 32.649, 20.048, 61.363, 191.309, 147.757, 109.841, 
245.649, 91.294, 54.595, 48.11, 21.124, 30.979, 24.211, 15.688, 
22.37, 50.206, 146.625, 197.482, 108.992, 62.24, 111.483, 30.667, 
40.097, 18.066, 23.22, 14.81, 15.178, 58.673, 256.409, 67.168, 
130.796, 111.115, 61.816, 40.012, 23.333, 24.494, 10.874, 9.741, 
13.79, 50.432, 58.276, 161.378, 110.606, 120.8, 75.691, 36.331, 
37.378, 22.285, 12.743, 18.151, 30.469, 30.639, 27.128, 262.497, 
134.165, 175.225, 82.091, 32.791, 32.14, 19.086, 18.179, 15.518, 
17.33, 63.628, 75.833, 272.606, 102.394, 173.441, 51.537, 57.002, 
30.752, 16.027, 47.884, 46.893, 169.137, 130.173, 83.846, 124.849, 
104.659, 117.345, 142.717, 33.952, 71.387, 34.348, 28.855, 23.163, 
23.05, 27.892, 76.767, 87.188, 82.685, 130.059, 61.108, 65.129, 
36.217, 21.521, 23.39, 33.81, 68.357, 80.533, 91.209, 134.647, 
164.747, 85.177, 45.987, 28.26, 21.124, 33.98, 28.317, 13.139, 
13.309, 39.077, 62.325, 38.143, 37.548, 128.134, 35.538, 26.646, 
22.54, 9.033, 13.054, 12.346, 17.811, 26.561, 34.32, 9.005, 79.089, 
60.145, 32.225, 76.342, 28.912, 12.714, 7.872, 42.107, 30.752, 
8.382, 6.145, 49.611, 80.93, 56.294, 36.812, 28.402, 10.364, 
2.973, 17.528, 33.017, 28.26, 29.478, 32.168, 15.744, 49.413, 
54.199, 39.276, 6.683, 6.032, 6.966, 7.759, 11.836, 50.234, 29.45, 
7.9, 6.881, 123.858, 59.692, 26.363, 9.571, 21.521, 18.717, 25.4, 
31.29, 51.792, 73.511, 23.022, 17.33, 83.818, 31.007, 26.363, 
4.049, 12.29, 9.656, 4.417, 12.629, 74.417, 45.335, 13.026, 36.755, 
72.916, 73.652, 22.342, 44.599, 25.995, 13.536, 11.015, 6.258, 
5.38, 8.297, 24.041, 13.536, 72.293, 58.956, 40.267, 8.75, 2.764, 
4.616, 9.826, 9.968, 15.801, 50.036, 49.385, 8.467, 22.37, 90.614, 
54.652, 18.123, 9.316, 5.692, 27.411, 39.814, 8.722, 16.226, 
5.494, 85.404, 39.927, 44.656, 29.28, 9.486, 23.645, 12.799, 
28.883, 17.755, 58.078, 35.736, 22.087, 25.259, 45.647, 96.107, 
19.794, 10.364, 4.814, 8.892, 5.635, 38.426, 81.751, 18.774, 
28.6, 34.801, 92.879, 27.467, 55.359, 13.507, 4.814, 8.127, 19.652, 
71.274, 87.046, 84.469, 30.214, 36.387, 42.362, 59.437, 49.215, 
66.828, 39.87, 27.467, 7.844, 4.163, 5.012, 14.98, 19.878, 18.689, 
92.37, 117.713, 55.756, 13.989, 9.656, 4.049, 4.757, 18.633, 
25.542, 38.681, 39.615, 30.724, 58.276, 29.053, 14.64, 17.953, 
6.315, 2.5, 3.03, 1.725, 1.962, 5.465, 3.795, 9.316, 44.826, 
70.736, 50.744, 18.916, 48.224, 9.996, 6.003, 3.993, 7.872, 28.685, 
62.212, 39.87, 24.664, 86.848, 24.494, 20.445, 11.015, 3.568, 
1.821, 34.801, 59.324, 13.875, 22.087, 17.726, 51.112, 74.587, 
17.16, 7.617, 2.478, 37.01, 48.28, 17.585, 22.654, 25.089, 38.199, 
9.146, 44.004, 65.893, 18.604, 7.929, 5.833, 5.578, 20.162, 16.254, 
31.573, 39.559, 48.535, 16.594, 65.016, 50.744, 35.651, 7.221, 
41.994, 5.38, 2.86, 11.214, 80.788, 31.035, 30.837, 13.507, 153.364, 
62.75, 12.346, 4.304, 1.467, 6.088, 4.417, 14.3, 38.256, 35.255, 
66.318, 30.412, 25.514, 78.636, 33.017, 30.497, 12.176, 14.98, 
18.944, 23.022, 26.561, 30.639, 35.17, 42.787, 39.247, 37.208, 
20.898, 18.548, 22.002, 43.042, 66.969, 14.838, 30.582, 59.182, 
18.661, 60.825, 62.92, 65.27, 10.562, 4.021, 2.973, 1.809, 2.05, 
10.506, 29.251, 23.503, 10.874, 9.798, 39.021, 151.92, 24.664, 
14.385, 7.476, 2.566, 7.023, 5.918, 26.306, 47.119, 23.361, 15.999, 
27.411, 71.897, 14.102, 5.097, 3.766, 11.667, 2.815, 2.455, 8.127, 
21.521, 19.256, 16.084, 66.205, 46.241, 48.195, 27.071, 9.26, 
7.249, 9.515, 21.379, 37.038, 54, 36.331, 51.848, 78.551, 54.114, 
82.572, 24.437, 4.757, 4.219, 1.869, 11.525, 39.304, 14.328, 
7.589, 13.96, 58.191, 57.37, 25.23, 11.044, 4.729, 3.483, 6.116, 
7.9, 18.038, 28.062, 32.31, 29.818, 124.849, 37.633, 48.025, 
31.177, 21.039, 12.856, 27.014, 45.505, 57.115, 21.209, 35.424, 
15.291, 76.201, 16.027, 64.336, 34.971, 8.892, 10.166, 4.106, 
7.136, 7.617, 10.024, 43.948, 21.209, 59.947, 79.146, 68.357, 
25.683, 37.973, 12.799, 6.23, 2.888, 24.126, 14.866, 6.853, 35.311, 
115.703, 65.695, 51.877, 26.844, 13.224, 5.805, 2.486, 3.087, 
14.612, 36.727, 66.431, 43.127, 33.386, 32.819, 30.327, 8.325, 
3.002, 4.786, 4.644, 5.805, 16.282, 43.098, 50.206, 26.278, 69.688, 
85.036, 29.308, 18.491, 9.061, 13.875, 16.565, 5.72, 38.143, 
68.725, 49.555, 64.846, 58.729, 61.249, 13.026, 7.9, 22.71, 13.875, 
8.155, 11.893, 54.029, 43.58, 58.758, 34.207, 59.89, 61.702, 
32.961, 14.413, 13.479, 4.248, 7.561, 2.832, 6.655, 47.233, 51.848, 
46.043, 54.057, 55.105, 51.537, 8.835, 3.681, 3.483, 5.38, 4.984, 
15.206, 42.532, 27.524, 60.145, 38.653, 48.45, 40.635, 13.904, 
4.021, 2.229, 6.909, 4.446, 52.018, 41.994, 25.004, 31.545, 78.296, 
43.665, 16.396, 20.643, 3.738, 43.976, 8.325, 57.002, 45.307, 
18.151, 20.275, 26.476, 73.539, 134.109, 29.308, 21.549, 7.646, 
3.03, 23.05, 14.102, 18.519, 49.215, 32.706, 22.54, 37.633, 59.494, 
35.255, 8.863, 4.106, 2.172, 1.473, 2.265, 6.541, 45.902, 22.908, 
13.904, 32.819, 144.529, 48.422, 20.048, 9.43, 5.805, 9.628, 
23.786, 46.355, 23.05, 41.739, 20.728, 42.702, 72.406, 19.425, 
5.55, 2.294, 2.059, 1.999, 21.776, 72.52, 56.322, 36.019, 43.863, 
29.619, 95.456, 25.712, 31.488, 10.222, 5.947, 49.668, 42.9, 
62.24, 46.468, 30.497, 26.25, 33.669, 166.503, 110.039, 155.431, 
54.029, 32.564, 42.22, 56.917, 83.535, 48.167, 29.166, 24.777, 
57.398, 140.791, 84.526, 80.59, 43.24, 36.047, 33.357, 32.621, 
36.642, 22.625, 21.634, 20.643, 91.52, 70.084, 120.602, 88.264, 
34.235, 35.849, 32.225, 31.347, 50.432, 35.962, 29.478, 28.345, 
89.028, 126.86, 87.471, 74.757, 50.036, 61.278, 34.858, 40.691, 
83.138, 38.992, 26.42, 24.013, 104.093, 135.553, 70.367, 69.66, 
50.999, 28.742, 30.157, 33.839, 45.052, 42.702, 33.216, 28.572, 
69.15, 99.93, 96.334, 48.025, 28.345, 26.675, 30.78, 30.044, 
27.722, 38.001, 24.437, 22.625, 55.643, 259.637, 89.368, 85.29, 
73.341, 42.645, 44.401, 31.432, 41.059, 33.754, 28.034, 26.306, 
37.435, 168.74, 96.079, 63.571, 41.626, 25.202, 29.535, 26.533, 
25.429, 26.108, 24.324, 21.889, 30.95, 143.906, 150.306, 68.159, 
44.231, 80.561, 56.52, 37.35, 35.793, 28.543, 21.861, 30.526, 
47.006, 60.088, 39.53, 76.172, 35.339, 25.06, 23.446, 33.669, 
28.798, 22.54, 17.018, 17.613, 38.171, 105.65, 90.756, 89.028, 
33.895, 47.261, 73.114, 77.305, 54.906, 39.502, 30.299, 29.676, 
115.306, 100.723, 86.65, 52.556, 44.486, 27.411, 25.797, 52.273, 
46.695, 36.161, 32.508, 32.678, 94.465, 140.395, 80.986, 40.578, 
40.012, 51.622, 94.295, 106.953, 81.581, 49.979, 31.432, 34.178, 
140.423, 188.704, 104.263, 60.966, 58.729, 34.603, 28.94, 31.205, 
37.52, 28.175, 26.391, 31.517, 56.039, 60.287, 52.641, 44.911, 
27.836, 17.103, 16.282, 24.919, 25.23, 23.022, 18.859, 19.878, 
27.439, 32.763, 25.514, 37.265, 23.843, 14.866, 20.643, 29.676, 
42.107, 43.325, 44.684, 30.894, 44.599, 95.654, 63.939, 26.306, 
19.057, 15.631, 15.093, 17.443, 23.758, 19.454, 22.795, 23.022, 
32.281, 106.868, 78.409, 39.219, 18.802, 12.544, 12.148, 15.744, 
17.472, 15.716, 20.02, 15.461, 26.873, 98.401, 33.867, 24.381, 
23.758, 14.3, 23.277, 27.496, 54.538, 74.049, 29.789, 25.287, 
101.629, 107.491, 54.708, 52.075, 46.723, 30.469, 31.8, 28.26, 
33.754, 30.78, 21.634, 14.81, 75.351, 107.434, 77.758, 31.941, 
18.944, 17.811, 32.395, 29.733, 30.922, 23.56, 27.014, 29.336, 
86.593, 107.604, 107.774, 38.199, 20.53, 16.905, 15.773, 23.333, 
26.08, 18.548, 18.038, 27.014, 127.313, 122.81, 87.103, 52.33, 
42.73, 33.017, 128.672, 54.737, 47.176, 41.399, 49.526, 36.472, 
83.45, 141.244, 65.497, 89.878, 43.466, 28.827, 32.763, 31.658, 
29.704, 28.034, 22.908, 27.269, 33.499, 78.041, 64.251, 88.094, 
60.485, 45.788, 45.562, 32.395, 62.495, 47.884, 42.617, 31.007, 
35.113, 164.634, 64.364, 71.557, 25.429, 23.956, 82.006, 107.887, 
121.593, 58.673, 37.18, 36.755, 61.702, 114.089, 115.221, 137.393, 
67.932, 37.18, 58.701, 72.095, 66.545, 38.228, 38.653, 34.547, 
52.216, 169.845, 76.71, 135.779, 77.985, 42.419, 33.81, 35.113, 
42.73, 24.806, 22.399, 26.929, 31.97, 60.541, 79.457, 95.116, 
33.357, 21.804, 31.63, 26.25, 38.284, 24.664, 20.586, 20.275, 
96.221, 111.2, 60.202, 99.817, 34.745, 25.06, 34.15, 29.761, 
77.815, 35.708, 53.944, 33.046, 149.088, 71.812, 50.885, 78.523, 
57.483, 23.758, 23.928, 24.381, 45.335, 26.221, 24.522, 22.37, 
44.033, 111.88, 74.105, 62.863, 27.014, 24.919, 25.089, 25.598, 
36.954, 23.446, 20.898, 18.944, 65.072, 84.498, 55.19, 25.91, 
26.25, 20.445, 16.792, 15.093, 28.458, 23.899, 22.285, 20.813, 
47.516, 86.593, 42.305, 22.569, 33.64, 23.956, 19.142, 20.671, 
24.579, 24.522, 21.209, 16.905, 47.431, 135.779, 88.858, 36.67, 
31.375, 26.363, 24.154, 22.597, 21.577, 20.445, 20.388, 19.709, 
29.138, 201.021, 79.174, 47.629, 50.942, 32.31, 37.293, 61.759, 
62.637, 48.648, 30.78, 28.855, 38.766, 210.762, 60.315, 43.268, 
72.35, 36.557, 23.531, 20.048, 22.116, 24.154, 21.323, 15.801, 
91.095, 129.125, 70.877, 32.791, 34.207, 44.656, 19.765, 18.717, 
19.51, 23.73, 17.896, 21.323, 33.839, 60.4, 76.88, 62.948, 37.831, 
22.031, 34.518, 80.165, 43.127, 30.724, 23.673, 21.238, 49.809, 
132.636, 52.783, 47.997, 21.776, 21.493, 16.849, 21.209, 27.099, 
21.351, 19.227, 18.802, 20.19, 126.803, 58.248, 35.566, 46.666, 
31.262, 23.645, 19.595, 24.098, 21.832, 18.378, 17.726, 27.184, 
56.945, 59.409, 36.416, 19.34, 14.442, 26.731, 21.493, 35.764, 
26.675, 20.841, 21.323, 38.426, 69.631, 41.541, 26.08, 31.97, 
16.282, 29.025, 26.533, 29.251, 20.133, 14.81, 15.489, 24.862, 
131.645, 67.96, 33.584, 25.4, 25.853, 36.585, 65.384, 73.879, 
45.76, 60.853, 31.347, 30.696, 133.089, 211.017, 76.002, 48.394, 
45.109, 53.83), .Dim = c(540L, 4L))
